2.923418783876068261e+01 -1.904875578651392454e+00
2.932054607124297974e+01 -2.574215007637482788e+00
2.914219364444618066e+01 -2.685270559526663714e+00
2.909548698819429902e+01 -2.687930420688976252e+00
2.909635608383172212e+01 -3.400339496615528034e+00
2.931634689775616209e+01 -3.765408126519537824e+00
2.923139793669165343e+01 -3.775343575476206137e+00
2.922980026156641031e+01 -4.913885698716525141e+00
2.911364183582537990e+01 -4.925908809358401363e+00
2.910429708723988185e+01 -4.934605317607539732e+00
2.910123167598796456e+01 -4.936931393312269378e+00
2.910282996379595133e+01 -5.639333529621909591e+00
2.932011996242074048e+01 -5.647685767426626313e+00
2.931979388525912000e+01 -5.673288917802115527e+00
2.934901736711958975e+01 -6.132764692130498574e+00
2.971160255604631217e+01 -6.154856364334869490e+00
2.973742602195710560e+01 -6.159451727501568996e+00
2.974262990104136506e+01 -6.164959669144599808e+00
2.974950843510090692e+01 -6.325314156638225604e+00
3.002482238151149474e+01 -6.352426067478042171e+00
3.005881758998480180e+01 -6.387729695866040558e+00
3.062700903158695453e+01 -6.386875426729623051e+00
3.063065352540923314e+01 -6.383921036019502004e+00
3.063901232929031337e+01 -6.348238874693541867e+00
3.137023994438683516e+01 -6.350768372062576717e+00
3.137880045743807500e+01 -6.388272366891022180e+00
3.194968685836783351e+01 -6.311635470885819998e+00
3.264825960420031237e+01 -6.312658513854528586e+00
3.265549848277346712e+01 -6.350853293947530176e+00
3.322656086220448657e+01 -6.348269598661381963e+00
3.392994273513333070e+01 -6.347927106660277374e+00
3.393263989312531947e+01 -6.391771389165602280e+00
3.449705051822908075e+01 -6.352752057883252590e+00
3.524296226758406902e+01 -6.387820119570756461e+00
3.581386039598044135e+01 -6.383795379106290468e+00
3.582364418976293052e+01 -6.352245783311199823e+00
3.656450701015823768e+01 -6.391393222467207202e+00
3.713406286034658876e+01 -6.312167151586356439e+00
3.783986168225747093e+01 -6.352957979889430895e+00
3.840803996813766474e+01 -6.235920710840465730e+00
3.915413766280389751e+01 -6.237028787979141953e+00
3.915962633077798216e+01 -6.227136747248540161e+00
3.917229906376921633e+01 -6.206996791366128363e+00
3.919479801588499868e+01 -6.090537074613876278e+00
3.924098826447893629e+01 -5.794922770007055135e+00
3.941349302737786786e+01 -5.792619141124973225e+00
3.941530093403363821e+01 -5.787556132088695904e+00
3.941372997174828896e+01 -4.860580218865440116e+00
3.927652829928562994e+01 -4.841110316804626557e+00
3.926869571623109323e+01 -3.960789839482963703e+00
3.927934358684471050e+01 -3.955169047511954528e+00
3.928091549033738517e+01 -3.548257139560541784e+00
3.941376338410673696e+01 -3.539036881902114295e+00
3.940958385961837251e+01 -3.519397958471731425e+00
3.938676068198758173e+01 -3.510298739618728625e+00
3.937544403442952046e+01 -3.095101712771872293e+00
3.906403943201438977e+01 -2.235565053283573356e+00
3.901516063446882043e+01 -1.715829417671353552e+00
3.919511922178180185e+01 -1.612070327821228277e+00
3.923228624392971398e+01 -1.603666881185678017e+00
3.923416605691480896e+01 -1.529934458007988995e+00
3.923762124800497730e+01 -1.451799478174638613e+00
3.923767177181188970e+01 -1.083836584961681559e+00
3.906382824841816870e+01 -8.961990039736678071e-01
3.902105031709241700e+01 3.604222118426265997e-02
3.906472657810335392e+01 5.168477344388681116e-01
3.919252263251343749e+01 5.241999788558358020e-01
3.919597686746477194e+01 6.289143973393406251e-01
3.923374015472268894e+01 6.374980800367975320e-01
3.923688806975029308e+01 7.835847338640827831e-01
3.923947706387991019e+01 1.158136461888086499e+00
3.906376881782001931e+01 1.379984868824084554e+00
3.897655250634660007e+01 1.400666519547240974e+00
3.895495780067496128e+01 1.407227781118644661e+00
3.894752548387718605e+01 1.422132203788575078e+00
3.892954331935263923e+01 1.431303500182772526e+00
3.891864097706130821e+01 1.938860306871020400e+00
3.858058627726968837e+01 1.947621869764607494e+00
3.857304492830387233e+01 1.956006634969174485e+00
3.856388333867993623e+01 1.968368136024000625e+00
3.855065431534050191e+01 1.979318102913228961e+00
3.853775754287319444e+01 1.982237701280181286e+00
3.853416991267721414e+01 2.004172858193556284e+00
3.850774823109357214e+01 2.006760956317580114e+00
3.850212676442816218e+01 2.010693025768510278e+00
3.849206812778791686e+01 2.009547651425362069e+00
3.841016551438835336e+01 2.199674070701523654e+00
3.775035739509834087e+01 2.161196747087938519e+00
3.717996513641479339e+01 2.160174466888143741e+00
3.717423926167123227e+01 2.151487577138436524e+00
3.648877953272151586e+01 2.156659109342954128e+00
3.646911720042769645e+01 2.156479087577801490e+00
3.586630759393939627e+01 2.159824906117148391e+00
3.585511017476696338e+01 2.190085052365986495e+00
3.520389533136497562e+01 2.403878555359027391e+00
3.443336290024977586e+01 2.414964998455487510e+00
3.441939153469585477e+01 2.421606637059912082e+00
3.440684630706257963e+01 2.421016483200610026e+00
3.440508556195724310e+01 2.200729756565361406e+00
3.388168460388087055e+01 2.117863892397508607e+00
3.327431388478606067e+01 2.117953506904101779e+00
3.325709537381170833e+01 2.193050469224179011e+00
3.256703619567906571e+01 2.194103733134628698e+00
3.255965756396856392e+01 2.406781196466423189e+00
3.188139778312653405e+01 2.437660027717916122e+00
3.184368757976598019e+01 2.447656600690450546e+00
3.183165158489410729e+01 2.454391880732592846e+00
3.181725665643897472e+01 2.456726447916041778e+00
3.180957108168900049e+01 2.382747316220078293e+00
3.111349742160444620e+01 2.377954248275145233e+00
3.110431808155604827e+01 2.372529164637254162e+00
3.109533173235777426e+01 2.157070125190165388e+00
3.066795814253618957e+01 2.156215287994651675e+00
2.997071676947083674e+01 2.156746571590229866e+00
2.996716478344000478e+01 2.155995656026715057e+00
2.996298618802742197e+01 2.161070045810492335e+00
2.935744814930403734e+01 2.155501188062037610e+00
2.934856111507779630e+01 2.136609623108765010e+00
2.932321659660677682e+01 1.973870471692955153e+00
2.913474726447976693e+01 1.965483764854411675e+00
2.912294161086432354e+01 1.947597049855753992e+00
2.910183509622486397e+01 1.935495954886502723e+00
2.910003023487996998e+01 1.341608992723567928e+00
2.909563326955357354e+01 7.851837037681766995e-01
2.922677740048734663e+01 7.081501364660079956e-01
2.922539545427364871e+01 6.307280155441730152e-01
2.923329023838384089e+01 -3.348639069961011350e-01
2.913790269269288302e+01 -4.492556348812969946e-01
2.909823260139597423e+01 -1.452810368716866085e+00
2.922836682033638311e+01 -1.528919207702615690e+00
2.923245474715997005e+01 -1.535449886795883678e+00
2.923329318756016093e+01 -1.537489416229470995e+00
